# Created by Octave 3.8.1, Sun Sep 14 13:42:31 2014 EST <adam@Jupiter>
# name: A
# type: sparse matrix
# nnz: 100
# rows: 24
# columns: 24
22 2 1
21 3 1
21 4 1
6 5 1
20 5 1
3 6 1
4 6 1
21 6 1
4 7 1
6 8 1
20 8 1
1 9 1
4 9 1
21 9 1
1 10 1
3 10 1
4 10 1
21 10 1
4 11 1
6 11 1
9 11 1
10 11 1
11 11 1
12 11 1
14 11 1
20 11 1
4 12 1
1 13 1
3 14 1
4 14 1
21 14 1
3 15 1
4 15 1
21 15 1
4 16 1
6 16 1
22 16 1
4 17 1
4 18 1
4 19 1
1 20 1
4 20 1
1 21 1
2 21 1
3 21 1
4 21 1
5 21 1
6 21 1
7 21 1
8 21 1
9 21 1
10 21 1
11 21 1
12 21 1
13 21 1
14 21 1
15 21 1
16 21 1
17 21 1
18 21 1
19 21 1
20 21 1
2 23 1
3 23 1
4 23 1
6 23 1
7 23 1
8 23 1
10 23 1
11 23 1
12 23 1
13 23 1
14 23 1
15 23 1
16 23 1
17 23 1
18 23 1
19 23 1
20 23 1
21 23 1
2 24 1
3 24 1
4 24 1
5 24 1
6 24 1
7 24 1
8 24 1
9 24 1
10 24 1
11 24 1
12 24 1
13 24 1
14 24 1
15 24 1
16 24 1
17 24 1
18 24 1
19 24 1
20 24 1
21 24 1


# name: argn
# type: sq_string
# elements: 2
# length: 4
E   
# length: 4
0.85


# name: edges
# type: matrix
# rows: 100
# columns: 2
 22 2
 22 16
 2 23
 3 23
 4 23
 6 23
 7 23
 8 23
 10 23
 11 23
 12 23
 13 23
 14 23
 15 23
 16 23
 17 23
 18 23
 19 23
 20 23
 21 23
 2 24
 3 24
 4 24
 5 24
 6 24
 7 24
 8 24
 9 24
 10 24
 11 24
 12 24
 13 24
 14 24
 15 24
 16 24
 17 24
 18 24
 19 24
 20 24
 21 24
 1 9
 1 10
 1 13
 1 20
 1 21
 2 21
 3 6
 3 10
 3 14
 3 15
 3 21
 4 6
 4 7
 4 9
 4 10
 4 11
 4 12
 4 14
 4 15
 4 16
 4 17
 4 18
 4 19
 4 20
 4 21
 5 21
 6 5
 6 8
 6 11
 6 16
 6 21
 7 21
 8 21
 9 11
 9 21
 10 11
 10 21
 11 11
 11 21
 12 11
 12 21
 13 21
 14 11
 14 21
 15 21
 16 21
 17 21
 18 21
 19 21
 20 5
 20 8
 20 11
 20 21
 21 3
 21 4
 21 6
 21 9
 21 10
 21 14
 21 15


# name: n
# type: scalar
24


# name: p
# type: scalar
0.85


